374,36
374,35
10,3
11,8
11,19
11,20
11,4
11,13
11,21
11,5
11,1
11,26
8,12
8,5
8,7
47,164
47,163
47,162
47,161
47,160
47,159
47,158
47,157
47,156
47,155
47,154
47,153
47,152
47,151
47,150
47,149
47,148
47,147
47,146
47,145
47,144
47,143
47,142
47,141
47,140
47,139
47,138
47,137
47,136
47,135
47,134
47,133
47,132
47,131
47,130
47,129
47,128
47,127
47,126
47,125
47,124
47,123
47,122
47,121
47,120
47,119
47,118
47,117
47,116
47,115
47,114
47,113
47,112
47,111
47,110
47,109
47,108
47,107
47,106
47,105
47,104
47,103
47,102
47,101
47,100
47,99
47,98
47,97
47,95
47,94
47,93
47,92
47,91
47,90
47,89
47,88
47,87
47,86
47,85
47,84
47,83
47,82
47,81
47,80
47,79
47,78
47,77
47,76
47,75
47,74
47,73
47,72
47,71
47,70
47,69
47,68
47,67
47,66
47,65
47,64
47,3
47,1
34,4
34,1
33,191
33,190
33,189
33,188
33,187
33,186
33,185
33,184
33,183
33,182
33,181
33,180
33,179
33,178
33,177
33,176
18,1
33,175
33,174
33,173
33,172
18,3
33,171
33,170
33,169
33,168
33,1
33,128
